137486 137456
32737 32739
76137 10556
75528 75529
16828 16296
79054 6178
15603 28225
6443 50900
15629 34487
35686 45475
63237 60961
41097 41168
136410 136411
67233 67234
32433 32437
38153 38154
49646 36065
21557 85210
32637 32631
60359 60360
77795 77794
32739 32737
75526 75503
44770 44743
87742 87741
16734 74640
29967 29968
50166 17798
134199 134198
53129 53126
50708 50709
48930 48931
28479 17895
63695 63698
32550 32556
21332 21040
137349 137350
32666 32673
43796 30314
138329 58038
5601 51684
32526 32513
37374 42539
37287 37291
31018 71225
137183 137154
16206 48868
32451 32445
132249 132250
15811 37713
16349 49007
32720 32710
101278 82813
60607 82791
16414 27477
31772 77442
10696 60897
17780 43186
16467 15816
131520 131517
49164 49160
60898 57251
71248 71246
29951 29950
75571 34071
32743 32750
18019 16855
83841 83842
49219 49218
21049 21359
29002 28972
83921 83922
18662 37145
16643 16867
75573 75472
50900 6443
37788 74959
18145 46430
83222 74611
17115 16523
125833 125805
32723 32712
91140 88347
134247 15657
77839 77841
32685 32693
134110 133989
299 368
48790 48786
33384 35247
59287 59288
86363 24769
15978 16221
78406 78405
75576 75575
50232 153
17295 16998
60856 60855
36102 36103
35387 35386
34145 15626
133192 133191
47010 47006
37874 37873
17140 17399
46858 29976
78417 78418
17053 17364
48557 31472
77741 77739
39158 39159
88325 88324
15903 37631
59707 59706
75575 75576
32749 32745
50233 150
83614 83611
32448 32453
18155 49181
136533 136536
75503 75526
18743 18657
60778 60779
131975 131974
32744 32751
76228 76227
32862 32867
37675 37681
88324 88325
50794 6885
87744 87743
30319 50489
15589 15588
50045 50046
63323 60955
18703 30633
39100 39102
16633 30001
50235 149
32650 32656
137117 137150
32691 32684
48905 133986
60848 60849
57981 58095
32864 32868
37719 37728
76001 75999
78035 78034
78034 78035
37873 37874
32609 32605
32764 32778
39573 15655
35236 35235
29979 29980
41469 49054
30011 48097
28660 28261
87577 87578
49070 49071
83378 83376
75725 75731
83660 83659
36941 18450
55401 55403
46983 6182
59706 59707
131349 131347
28225 15603
32610 32606
78731 34497
18039 35265
91041 91037
32867 32862
59255 59256
64030 64029
84001 84000
4116 91134
21644 15778
50328 30015
32665 32672
47014 47015
53335 34008
60129 60131
37023 37025
59207 59206
63698 63695
77792 77790
32745 32749
60781 60780
83252 106738
82788 82789
63058 63059
37209 28548
83842 83841
10278 138040
84015 84014
76982 76979
46854 32482
49038 32640
131347 131349
59206 59207
37467 37468
17191 27730
16523 17115
59806 79008
76131 76132
37095 37094
136669 136668
37547 37546
37094 37095
35280 134398
52688 52687
45389 51014
87743 87744
32760 32773
43415 47835
62421 62433
76132 76131
16855 18019
32738 32736
137154 137183
28797 35619
87696 87693
28061 42905
16044 29984
32774 32761
76140 76143
136668 136669
82791 60607
16592 18146
50244 18515
583099 10115
32979 11009
32445 32451
112106 16083
77603 77602
48571 48570
37025 37023
55407 55408
49058 37655
439329 521051
17459 18202
36777 36778
27482 15950
21226 20910
133645 133644
128 300
16943 137502
32494 32486
37468 37467
138134 138133
136411 136410
30001 16633
36778 36777
35235 35236
83712 83713
48095 37724
32431 32435
75703 75712
16998 17295
64244 64243
133644 133645
77602 77603
30654 15699
75854 77127
6750 50544
29949 46217
32746 32748
77852 77895
77595 77594
37472 37473
83713 83712
88320 88323
63703 15385
32837 32841
136525 136526
73132 73133
4469 42724
37005 6151
34498 63331
50256 50259
136598 16303
32747 32742
8207 39464
87739 87740
81785 86429
37473 37472
40550 40545
50944 50945
137567 78836
6714 100
51509 51510
75463 75533
137948 137945
32851 32855
77127 75854
62338 74656
136529 136530
133191 133192
40822 37746
40133 59540
32797 32796
61737 9578
32449 32442
57466 133985
30896 15562
49037 32641
44534 56080
17924 28789
138110 34162
131500 131501
48307 17702
122 38320
83997 83998
87753 16154
17576 60893
32638 32632
39461 39458
38154 38153
38953 87
83685 83684
27812 53125
136560 136557
17092 17403
83666 83668
64773 64774
32481 32475
32443 32450
422 42111
75578 75580
83998 83997
133214 133215
16221 15978
99 73030
87727 87726
29980 29979
71257 71256
43445 18027
48673 48648
16296 16828
30633 18703
29989 29988
42280 37000
29988 29989
77555 64310
32631 32637
64035 64316
32465 32469
15570 16977
18403 18333
75733 75734
4886 68663
83668 83666
55534 44510
28458 86056
36212 36213
87741 87742
16387 17041
37145 18662
17532 18226
132225 132223
83688 83689
32855 32851
7 3381
18027 43445
75373 75374
37746 40822
75734 75733
134284 134283
134248 57467
83671 83669
32839 32843
77738 77737
64219 64218
67226 67224
90103 90100
60849 60848
28296 28459
83689 83688
15816 16467
134398 35280
17196 28159
48068 48069
134283 134284
32556 32550
73133 73132
55403 55401
55393 55358
10115 583099
37727 37720
59334 59336
48666 48657
32702 32716
37870 37871
64029 64030
17895 28479
43433 20899
63704 132906
78106 39395
5136 38565
44715 44808
17428 16718
102131 102030
50945 50944
53765 53764
60113 60115
35247 33384
77841 77839
57589 86045
83844 83843
20910 21226
63110 63107
15392 36776
32750 32743
16259 28203
32438 32434
32775 32762
83733 83735
32442 32449
58196 60894
48677 10295
49162 49158
83843 83844
15391 15390
28151 30939
131752 131753
132302 132303
28804 18314
38247 37250
84006 84007
18357 33571
29998 29999
32619 32623
60389 58336
49187 31157
50614 50615
48678 48645
29981 29982
28429 48027
32552 32558
136767 85633
132303 132302
43186 17780
32820 32827
28159 17196
75472 75573
37626 42758
131974 131975
76141 76147
32689 32682
84003 84004
35399 35398
47874 47873
30767 30766
131517 131520
32836 32840
29982 29981
51861 51862
62752 62751
133765 133766
16778 132818
32854 32858
76149 76148
16036 16641
51054 51053
77782 77785
84014 84015
50372 50371
32624 32620
78836 137567
18450 36941
37425 16534
83130 83132
48251 16053
17403 17092
59290 59289
48291 16712
132964 132965
45407 45634
16946 86262
50049 50057
6041 15408
47015 47014
90102 90098
84000 84001
10443 49274
28789 17924
42548 42564
137347 137346
37546 37547
77590 77591
138255 138258
34496 78730
132915 132916
83131 83129
37536 37535
32632 32638
91134 4116
32947 32948
18790 36464
82813 101278
160 43291
64683 64760
16867 16643
48032 48031
38350 38349
137459 137458
49212 47
61699 132832
34071 75571
15568 15791
32948 32947
15778 21644
133188 133189
132247 132251
137938 137939
67172 68525
26743 46965
39310 39312
64760 64683
45230 30318
48280 48281
48027 28429
77785 77782
48031 48032
133189 133188
38403 38413
78322 78323
75583 75847
6182 46983
75346 63324
29973 29974
83781 83780
60955 63323
11009 32979
34144 34146
75824 52333
27736 28456
49282 49286
57756 77956
16004 16651
28459 28296
131970 131969
29990 29991
59823 59821
18102 86051
38651 38652
17159 50447
77594 77595
41183 63931
50255 50258
11047 10983
50046 50045
48069 48068
36750 371
30766 30767
60115 60113
71225 31018
84010 84009
83596 83597
53771 53772
1060 17647
6885 50794
6149 60790
53772 53771
125805 125833
38200 27669
83223 52639
32436 32432
83655 83653
16303 136598
83761 83759
134306 134282
67246 67244
132916 132915
32751 32744
37597 49845
36539 36540
34008 53335
27442 42589
36215 36216
41595 36515
32669 32676
132235 132236
75833 64006
61746 10359
133230 133231
133766 133765
32782 32767
87740 87739
60371 60370
52686 52685
83608 83607
131956 67889
82653 82652
17561 16375
83932 83933
32824 32830
15375 43029
32110 39235
86045 57589
75537 75536
86270 44454
41837 42147
132250 132249
75592 40009
50615 50614
138260 138262
39014 39013
35614 50400
67244 67246
437678 3828
134317 134313
76125 90
41945 16192
83933 83932
75533 75463
15390 15391
16789 28480
32487 32495
83406 84982
15389 15388
29966 29965
17061 18050
74611 83222
131853 131854
78775 78781
32500 32496
136659 136660
17041 16387
136530 136529
136835 136836
68506 67158
38349 38350
136660 136659
32840 32836
27913 16023
32432 32436
20 89
17688 39162
32865 32869
50033 50032
78389 78388
34126 138332
75468 75558
46217 29949
63205 63203
16053 48251
39162 17688
136696 136697
58314 58123
83692 83691
15385 63703
76953 76955
32768 32780
50032 50033
48096 29972
32716 32702
39013 39014
84007 84006
15950 27482
53796 53795
44454 86270
77672 77673
82626 57446
32502 32501
110390 110424
53764 53765
132832 61699
32778 32764
138437 85635
134268 17352
37655 49058
32482 46854
53795 53796
136670 57958
76116 76120
77815 77814
76955 76953
32501 32502
29972 48096
49181 18155
37871 37870
86997 86996
49263 49266
28563 37679
46705 46702
37103 37101
35440 32922
76115 76118
39136 39140
78388 78389
16375 17561
32869 32865
60349 60348
27765 49257
77606 77607
32922 35440
50347 50349
16857 16398
60089 60088
106738 83252
27996 17210
15383 15382
39313 39309
36105 15606
60790 6149
49228 49229
76147 76141
138123 138124
83210 83209
180847 521391
9599 39466
37101 37103
77607 77606
133996 133995
60088 60089
59304 59305
16641 16036
39312 39310
75731 75725
38402 38401
48786 48790
37724 48095
45616 16346
17647 1060
90819 132087
131854 131853
137513 137507
50348 32653
18183 16924
15908 49059
37729 41005
27669 38200
59301 59302
84009 84010
32673 32666
77262 50275
16398 16857
91072 90746
35398 35399
32554 32561
58182 58413
32714 32725
62433 62421
28 98
15657 134247
38249 50245
15382 15383
13172 13022
83269 83270
85220 71670
37728 37719
32640 49038
83684 83685
59302 59301
47796 47795
83367 83371
47537 16002
132251 132247
29965 29966
33094 16320
32672 32665
136737 136738
32462 32466
51453 39547
60897 10696
82789 82788
43029 15375
78323 78322
32858 32854
13022 13172
15801 16782
81563 132801
49109 15772
65328 65327
132913 132914
7959 50869
75871 75872
32523 32510
17317 17266
48672 48647
138124 138123
18332 30659
27667 37620
29993 29994
32718 32706
15672 15671
36444 36443
59567 59568
132906 63704
36792 36791
137167 137166
85633 136767
75569 75471
62751 62752
132914 132913
32868 32864
48690 10472
32825 32831
45475 35686
52527 52525
47795 47796
83744 83743
42446 38666
16782 15801
77405 77406
50279 17090
55415 55412
59821 59823
64020 64021
59568 59567
83691 83692
52639 83223
30927 30924
408174 63081
60920 60922
15765 49169
77406 77405
76267 76268
59184 59185
38109 6198
65327 65328
42255 71227
90395 90394
48098 32467
30014 30013
83595 83592
76306 15409
42905 28061
29953 29952
49054 41469
51174 51173
32435 32431
59187 59186
30003 30004
88099 90109
59747 59746
82627 15628
32623 32619
16002 47537
87726 87727
51173 51174
39137 39139
32475 32481
63684 63687
51047 51048
37617 17118
37741 4093
48811 39254
88347 91140
83132 83130
59305 59304
30013 30014
90387 90386
30005 30006
83759 83761
10965 16845
43825 43899
77600 77601
50400 35614
34487 15629
137932 17426
48097 30011
60918 60917
46675 60785
16015 15966
131618 100462
91317 91316
76268 76267
38320 122
90386 90387
28918 40751
36791 36792
133785 133784
82779 82782
17798 50166
83396 83395
38300 27706
64218 64219
77778 77777
136557 136560
131805 131804
59186 59187
50009 50008
21048 21358
17266 17317
83209 83210
53 129
59847 59846
136526 136525
4178 79048
76118 76115
59746 59747
60922 60920
80 77059
52525 52527
83395 83396
76143 76140
83008 83009
42111 422
46995 46987
32708 32719
58967 43219
28390 28293
49204 49207
59329 59328
32553 32559
39140 39136
59180 59179
18202 17459
77458 77459
37889 37888
131934 131935
16192 41945
76146 76145
32706 32718
60348 60349
83330 83331
83293 83294
57447 75322
77459 77458
83846 83847
29968 29967
46997 16988
15408 6041
76142 76139
71246 71248
88323 88320
85934 85937
83294 83293
49158 49162
49044 49046
75536 75537
131965 131964
18481 15387
85242 85244
36103 36102
83769 83770
38245 38246
78781 78775
85937 85934
29950 29951
42564 42548
29999 29998
138133 138134
40656 37740
48352 48351
27476 47012
82859 82858
27882 51074
83338 83340
49003 49056
32447 32452
50028 50029
59710 59709
58095 57981
32434 32438
91316 91317
63322 137455
76227 76228
83815 83816
49227 49230
28611 28658
53534 53535
64021 64020
49246 49245
83816 83815
32715 32726
32514 32522
83558 83559
48300 42090
83722 83720
87693 87696
53535 53534
43703 28645
73099 73098
32767 32782
47693 134275
90413 90412
18347 42101
32511 32524
32826 28718
59709 59710
32693 32685
42147 41837
83611 83614
76120 76116
82894 82897
83830 83831
16977 15570
21101 21398
29958 48094
60131 60129
32557 32551
29997 29996
132223 132225
50371 50372
32803 32802
48351 48352
49218 49219
75542 64757
50058 50065
38690 18664
29073 51384
67158 68506
32781 32766
132276 132277
36399 36400
46857 32779
83847 83846
37631 15903
40009 75592
27066 28951
49078 49076
61917 61918
17013 42112
82858 82859
77044 77045
132818 16778
32496 32500
132083 90818
29985 29986
37744 37686
60840 60842
77045 77044
37630 17925
76943 76950
138119 138118
32838 32842
49266 49263
75747 32330
49160 49164
51860 51857
60074 60075
16534 37425
301 367
32726 32715
18354 18288
32802 32803
49076 49078
77822 77821
30010 30009
24769 86363
83730 83731
35494 16283
75126 75131
75558 75468
131807 131806
32515 32518
29986 29985
17378 27975
38719 38720
90850 136655
59183 59182
136718 136690
64298 15395
55392 55357
32831 32825
41963 17948
59254 59251
83587 83588
60917 60918
77591 77590
36216 36215
43104 37692
82793 82794
38246 38245
39159 39158
30655 30657
83995 83994
15966 16015
50931 50932
110424 110390
30000 30002
83588 83587
138118 138119
48423 60887
137460 137461
136535 136534
28951 27066
16292 17100
60857 60858
15971 27947
131969 131970
83994 83995
18050 17061
16924 18183
76145 76146
49207 49204
20909 21225
75374 75373
47952 79049
6178 79054
85470 86047
137456 137486
36210 43197
35619 28797
83720 83722
131804 131805
51862 51861
18657 18743
48092 48093
48093 48092
32668 32675
75872 75871
30002 30000
42724 4469
58386 57562
6151 37005
59822 59820
31157 49187
49308 49309
50610 50609
137455 63322
87 38953
39121 39115
15845 47947
16313 17203
59328 59329
42589 27442
75847 75583
83559 83558
85210 21557
132236 132235
61918 61917
16332 16593
35265 18039
4464 52013
46855 32479
27904 21288
82782 82779
39122 39119
32773 32760
47005 47002
49169 15765
16283 35494
59336 59334
15678 15677
77673 77672
76148 76149
27702 28651
53375 53374
39139 39137
32853 32857
83599 83600
27374 27372
63059 63058
32681 32688
32605 32609
47454 136692
35148 35147
15677 15678
10472 48690
15655 39573
32510 32523
32607 32611
49245 49246
33992 15600
78335 78334
37740 40656
87578 87577
53134 53135
48297 48298
90394 90395
53374 53375
211 29001
32852 32856
32704 32717
82794 82793
15396 15397
28645 43703
17203 16313
76139 76142
131501 131500
83681 83680
137150 137117
51036 51035
58038 138329
100 6714
32450 32443
16501 16157
83770 83769
50625 50624
44510 55534
6432 77282
47004 45506
50709 50708
133311 133313
16154 87753
79049 47952
17118 37617
51035 51036
10556 76137
53290 53292
52687 52688
32780 32768
30004 30003
131933 131936
17210 27996
83600 83599
50624 50625
79008 59806
76979 76982
32841 32837
49097 18188
32822 32828
64316 64035
17943 48290
58413 58182
83639 83640
86995 86993
83636 83633
51059 51058
44632 50470
37701 37695
15628 82627
37465 15386
102030 102131
37620 27667
136655 90850
127151 127106
15394 15393
29991 29990
32712 32723
136690 136718
32452 32447
47518 48336
29974 29973
32830 32824
32654 32658
41582 30913
32651 32657
132965 132964
49011 21248
71252 71251
55362 55363
32857 32853
49177 4372
86992 86991
64757 75542
78418 78417
76286 76285
50029 50028
53762 53760
82897 82894
36065 49646
90818 132083
10702 12855
133784 133785
59263 59262
50470 44632
37291 37287
49309 49308
82817 645509
50342 30018
86359 33198
136733 136729
20899 43433
16176 15729
34146 34144
137350 137349
133313 133311
60894 58196
63081 408174
15791 15568
53760 53762
53292 53290
17388 58667
71251 71252
47356 55355
88314 88315
32551 32557
51510 51509
131935 131934
83102 83105
83749 83752
32608 32604
32611 32607
45525 38655
83680 83681
44808 44715
3332 38969
30796 30797
85244 85242
15399 15400
85273 85272
32479 46855
2365 28937
87724 87725
127106 127151
27477 16414
28785 15412
28203 16259
55363 55362
20912 33510
56080 44534
87725 87724
77895 77852
49244 49243
134198 134199
17746 28146
41888 48020
75999 76001
49035 49031
36464 18790
48931 48930
136593 136592
74959 37788
51058 51059
28261 28660
50609 50610
30657 30655
138383 50250
62346 63151
47520 48344
49036 49032
136592 136593
32779 46857
37883 37882
82877 82872
133312 133315
47 49212
75927 75928
59846 59847
78394 78393
66896 18130
21358 21048
90100 90103
32486 32494
132087 90819
15410 31
32626 32622
37034 16288
77059 80
100462 131618
34486 34484
29976 46858
77956 57756
49274 10443
41168 41097
37000 42280
41 48934
29001 211
36540 36539
82872 82877
67247 65004
36612 165
32653 50348
36515 41595
34484 34486
18288 18354
29962 29961
83300 83301
136675 4075
75737 75738
50275 77262
132623 6695
76285 76286
68525 67172
83809 83810
129 53
82652 82653
49280 49279
84020 84018
90086 16820
29970 29969
63700 63705
32794 32793
16820 90086
37706 37693
29961 29962
132257 132245
26797 51008
41917 49069
90746 91072
83810 83809
86262 16946
32793 32794
29952 29953
82855 82854
45002 59565
77650 77651
580604 60799
17100 16292
134313 134317
87555 87554
30659 18332
63107 63110
38666 42446
32870 32866
87765 21077
77582 77584
131936 131933
4372 49177
60842 60840
84004 84003
49032 49036
37099 37100
83105 83102
32606 32610
17846 50201
75712 75703
37907 37908
36411 36410
133193 131899
90973 90974
136836 136835
86991 86992
83129 83131
83731 83730
17342 29090
18314 28804
28985 28982
75738 75737
90974 90973
137360 137361
46967 16393
29969 29970
82886 82888
49013 49012
32657 32651
82867 82868
28146 17746
82854 82855
28982 28985
87714 87708
10225 62758
51857 51860
63324 75346
74640 16734
63331 34498
48648 48673
37882 37883
77453 77454
27730 17191
36100 36101
53130 53131
57562 58386
39338 39337
4093 37741
50258 50255
82648 82649
16320 33094
39337 39338
15604 86261
83750 83753
39104 39105
71176 87770
32683 32690
62758 10225
82871 82870
136692 47454
47767 47766
32777 32759
83806 83805
39336 39335
30897 15563
29052 48932
85272 85273
136536 136533
138128 138127
75972 75977
85338 85306
134205 74819
83805 83806
17063 48262
39335 39336
75540 75465
60799 580604
73912 133047
64119 64122
83698 83699
37544 37543
77737 77738
50125 50123
15729 16176
83854 83855
439819 44962
17721 38113
87554 87555
44743 44770
59569 59570
42758 37626
53790 53788
77739 77741
75131 75126
32776 32763
137458 137459
138262 138260
83855 83854
645509 82817
40886 46996
30019 30020
32742 32747
35386 35387
41929 15918
78334 78335
52013 4464
82868 82867
32655 32659
50123 50125
38139 44343
42539 37374
137346 137347
10359 61746
126432 126352
29090 17342
32828 32822
83301 83300
78316 9955
40751 28918
521051 439329
17364 17053
91037 91041
32719 32708
77797 77793
136729 136733
31472 48557
17352 134268
90391 90389
32464 32468
32694 32686
75546 75466
29963 29964
132245 132257
30797 30796
63151 62346
82649 82648
73098 73099
137152 137116
30006 30005
30022 30021
33571 18357
75465 75540
51074 27882
133995 133996
18664 38690
37543 37544
36797 36795
48969 48968
83371 83367
131806 131807
38401 38402
60861 60859
4466 48555
50259 50256
33198 86359
36101 36100
87770 71176
136534 136535
48968 48969
83787 83788
39102 39100
17748 63624
82888 82886
21100 21397
88311 88310
21288 27904
30021 30022
83788 83787
30009 30010
17948 41963
30018 50342
51384 29073
3828 437678
16023 27913
88310 88311
88308 88309
15588 15589
49071 49070
49279 49280
59190 59191
39105 39104
84017 84019
88309 88308
32686 32694
49031 49035
37535 37536
138362 138363
60775 60776
15562 30896
21333 21041
165 36612
18226 17532
42106 42170
55408 55407
32495 32487
38568 38567
32513 32526
17290 17066
17925 37630
138246 138245
138245 138246
83708 83709
137368 137354
45719 46962
75977 75972
83135 83136
90422 90423
131753 131752
83140 83141
63108 63109
50146 50147
90423 90422
44343 38139
59261 59260
87708 87714
43899 43825
32688 32681
155 166
55358 55393
63109 63108
126352 126432
222169 221278
137502 16943
84018 84020
137354 137368
78392 78391
17028 75840
86047 85470
67234 67233
79200 71048
16083 112106
49233 49232
32641 49037
32656 32650
6695 132623
32518 32515
55412 55415
50531 50532
17521 36124
49845 37597
53769 53768
78391 78392
50043 9577
32512 32527
137361 137360
59690 59691
42112 17013
77777 77778
32761 32774
88315 88314
75322 57447
17066 17290
37888 37889
32524 32511
59691 59690
12855 10702
10983 11047
36794 36793
75466 75546
15600 33992
11060 16347
59820 59822
38115 38114
50250 138383
40545 40550
36793 36794
53788 53790
71256 71257
75580 75578
39395 78106
48868 16206
35321 35322
32676 32669
16288 37034
32856 32852
38113 17721
29978 29977
28014 86060
131767 58002
46987 46995
84019 84017
75840 17028
38114 38115
83709 83708
50932 50931
57958 136670
32604 32608
64122 64119
89 20
36443 36444
60893 17576
83011 83012
59540 40133
83303 83304
134081 134082
91058 91059
51008 26797
90412 90413
48256 48255
59570 59569
38972 38973
83911 83906
50065 50058
39256 39255
86261 15604
52333 75824
55357 55392
83110 83109
50026 28359
28880 17710
60370 60371
63931 41183
77601 77600
16812 16982
53071 12931
32466 32462
59565 45002
16718 17428
32622 32626
28729 37680
48344 47520
57251 60898
21040 21332
75561 75563
30866 17025
39119 39122
87737 87738
83179 83178
15772 49109
131516 131514
83603 83604
77442 31772
84982 83406
21225 20909
48336 47518
83178 83179
32684 32691
15606 36105
75529 75528
32620 32624
137116 137152
77454 77453
83735 83733
83304 83303
32658 32654
75563 75561
38950 40763
58002 131767
83177 83176
50147 50146
47873 47874
21359 21049
90109 88099
75928 75927
53131 53130
32736 32738
50245 38249
83176 83177
131764 131765
49257 27765
137406 137405
29954 29955
38973 38972
59480 59479
32559 32553
60887 48423
37695 37701
37477 37476
36776 15392
21041 21333
59262 59263
30015 50328
12931 53071
64780 64778
21248 49011
31755 15695
28480 16789
10295 48677
28972 29002
59179 59180
83333 83337
133315 133312
42101 18347
48262 17063
47808 47809
64063 64062
75287 75288
32675 32668
131899 133193
77423 77422
77793 77797
53140 53141
68663 4886
75284 75285
83340 83338
49221 49220
21398 21101
29984 16044
32468 32464
77422 77423
83906 83911
30924 30927
131765 131764
77502 77501
55391 55356
50282 50283
64062 64063
82981 82980
42170 42106
371 36750
15395 64298
48603 48602
134275 47693
29977 29978
77501 77502
50283 50282
60843 60844
49232 49233
83752 83749
82980 82981
57467 134248
16651 16004
77282 6432
29996 29997
137461 137460
60844 60843
37908 37907
28548 37209
46702 46705
15412 28785
73030 99
39115 39121
3381 7
32516 32520
37713 15811
92 46750
32517 32521
75553 75550
77790 77792
59189 59188
64774 64773
90098 90102
90389 90391
32842 32838
49229 49228
53138 53137
48527 43035
53126 53129
136738 136737
37720 37727
59188 59189
131964 131965
158 152
43197 36210
59185 59184
137945 137948
48645 48678
17656 32800
83307 83306
36795 36797
76101 76105
16988 46997
32759 32777
32710 32720
75285 75284
59260 59261
133231 133230
83306 83307
63624 17748
83673 83674
48570 48571
138204 138205
48298 48297
16347 11060
86051 18102
47002 47005
58667 17388
83633 83636
27372 27374
59468 59467
137166 137167
82816 82812
32682 32689
4075 136675
37027 37029
138363 138362
50489 30319
48094 29958
83674 83673
48555 4466
39309 39313
82812 82816
59842 59843
60360 60359
47006 47010
60779 60778
48932 29052
77049 77050
138258 138255
49230 49227
18333 18403
367 301
46750 92
15699 30654
52685 52686
30318 45230
48602 48603
16982 16812
16585 32969
48647 48672
83592 83595
15388 15389
83694 83693
131796 131800
60776 60775
86993 86995
83597 83596
32330 75747
32480 32474
36496 36492
85636 85637
49059 15908
131511 131510
59251 59254
60846 60845
136697 136696
32667 32674
53141 53140
83009 83008
60845 60846
48707 48712
59843 59842
39464 8207
48204 48203
83753 83750
32558 32552
59805 59804
32823 32829
83640 83639
32762 32775
15614 28379
50349 50347
29955 29954
76105 76101
77584 77582
37029 37027
83840 83839
59182 59183
32674 32667
86060 28014
38567 38568
31 15410
79048 4178
83839 83840
152 158
76950 76943
37679 28563
36766 36765
27394 50787
77814 77815
16346 45616
87738 87737
83337 83333
83780 83781
30314 43796
36765 36766
27975 17378
63190 10357
47766 47767
55355 47356
38342 39737
77794 77795
28651 27702
64778 64780
137939 137938
90370 90371
59191 59190
37476 37477
83773 83772
49220 49221
59467 59468
38969 3332
32453 32448
29964 29963
51053 51054
32866 32870
85306 85338
63989 15558
63705 63700
32827 32820
83693 83694
36410 36411
28359 50026
30008 30007
83699 83698
132277 132276
27706 38300
64310 77555
64243 64244
39737 38342
90 76125
39932 46735
38413 38403
32690 32683
63687 63684
49008 49009
38652 38651
37681 37675
83669 83671
83376 83378
32437 32433
10357 63190
83858 83857
50869 7959
46430 18145
58123 58314
34162 138110
98 28
131510 131511
39466 9599
83743 83744
47011 47008
368 299
50787 27394
18515 50244
49009 49008
47012 27476
16712 48291
32474 32480
49243 49244
47947 15845
21077 87765
9955 78316
138205 138204
51014 45389
18188 49097
37250 38247
134282 134306
32763 32776
91059 91058
32522 32514
83831 83830
51012 51011
44962 439819
50612 50613
37100 37099
21397 21100
30889 151
43065 32978
28456 27736
131800 131796
50544 6750
85637 85636
49012 49013
49069 41917
48450 48453
134082 134081
49056 49003
138127 138128
32766 32781
53125 27812
57633 91180
63241 60962
32725 32714
78730 34496
32527 32512
51011 51012
83331 83330
39254 48811
60785 46675
40763 38950
71227 42255
48255 48256
82870 82871
86429 81785
153 50232
137507 137513
48453 48450
32562 32555
83109 83110
17710 28880
17399 17140
32469 32465
41005 37729
60355 60354
29994 29993
77050 77049
48203 48204
85635 138437
32713 32724
60354 60355
137405 137406
15397 15396
42090 48300
83922 83921
39547 51453
151 30889
67889 131956
45506 47004
36400 36399
32969 16585
132274 132275
32561 32554
149 50235
16393 46967
15563 30897
168 154
37680 28729
15695 31755
38655 45525
83141 83140
46735 39932
77736 77734
133047 73912
32724 32713
75288 75287
45634 45407
90371 90370
48657 48666
53562 53560
300 128
83857 83858
77821 77822
59288 59287
83604 83603
39255 39256
35147 35148
75471 75569
38140 28809
33510 20912
59689 59688
32521 32517
43035 48527
83772 83773
86996 86997
28293 28390
78405 78406
57446 82626
38565 5136
83012 83011
30020 30019
15393 15394
28658 28611
30007 30008
59804 59805
9578 61737
48446 48447
132801 81563
32520 32516
50495 50494
15671 15672
83124 83119
30913 41582
50494 50495
43291 160
59479 59480
75550 75553
48447 48446
48281 48280
59688 59689
74819 134205
17090 50279
55356 55391
77734 77736
60858 60857
10360 88
32467 48098
53768 53769
50057 50049
77604 77599
34497 78731
60863 60862
32555 32562
59289 59290
58336 60389
16845 10965
38232 38233
17025 30866
138242 138241
28718 32826
83286 83285
150 50233
15918 41929
138332 34126
32843 32839
15400 15399
32398 74324
138241 138242
53137 53138
83285 83286
133989 134110
227 232
77599 77604
50201 17846
49208 49213
6198 38109
28379 15614
83270 83269
39458 39461
49213 49208
83647 83646
83136 83135
78694 78693
60962 63241
74656 62338
50447 17159
88304 88303
48290 17943
53560 53562
133986 48905
221278 222169
53135 53134
36492 36496
36213 36212
60855 60856
27947 15971
28809 38140
37686 37744
78693 78694
15558 63989
32659 32655
67224 67226
47008 47011
15409 76306
17702 48307
15387 18481
35322 35321
38233 38232
88 10360
48704 48702
49046 49044
59244 59243
88303 88304
36124 17521
50008 50009
16157 16501
48712 48707
49007 16349
48702 48704
59256 59255
32796 32797
91180 57633
60961 63237
32717 32704
47835 43415
15626 34145
65004 67247
9577 50043
83119 83124
232 227
28937 2365
63203 63205
46965 26743
50532 50531
77072 77071
74324 32398
39235 32110
60075 60074
32621 32625
50618 50617
38875 38874
77071 77072
50617 50618
17426 137932
43219 58967
71048 79200
166 155
131514 131516
51684 5601
154 168
48934 41
18146 16592
18130 66896
86056 28458
133985 57466
50613 50612
59243 59244
38720 38719
60859 60861
83653 83655
48020 41888
38874 38875
91197 91195
71670 85220
16593 16332
32800 17656
32829 32823
78393 78394
138040 10278
132275 132274
47809 47808
37692 43104
49286 49282
133215 133214
77651 77650
91195 91197
60780 60781
521391 180847
15386 37465
64006 75833
83646 83647
32748 32746
37693 37706
32978 43065
46996 40886
60862 60863
46962 45719
83607 83608
51048 51047
32625 32621
83659 83660
30939 28151
