55493 78170
35586 17258,35588,35589
16680 57856
16569 28788
16543 57805
17196 58048
16946 57959
50604 50605
57844 16643
15971 57595
64435 64439
74042 74043
39041 39045
609827 405237
40957 39066
28479 58570
61694 4047
64288 64263
17258 35586,35588,35589
49432 85413
17895 58315
85420 85891
74351 77979
36839 36833
507393 15891
16288 57716
47724 75954
73055 60501
16828 57912
17780 58266
2164 58498
15428 57305
46822 46824,46820,46821
57947 16919
58266 17780
60106 17913
38050 38052,38054
18265 37105,44992
33194 35599,33193
83413 82724
44976 36361
47827 47826
58917 55357
46825 46826
46897 28664,46894
85963 85680
57303 15426
17295 58095
15970 57594
18258 533015
39408 39005
36669 36670
60847 60841
17736 58257
73389 73536
47826 47827
58650 32984
79176 78303
74444 74275
61810 61811
61695 61696
46800 16555
73763 73764
60263 60262
16919 57947
29200 24928
78814 82840
36314 72823
79057 82706
59869 15705
15793 61149
32826 58645
15851 57543
57689 16228
58095 17295
60213 73916
32982 58648
52332 64427
59356 62497
58799 15602
16633 57843
15728 57486
79297 78378
46811 46817,46814,17775,49051,46823
18289 16365
46824 46821,46820,46822
57822 16576
78608 33704
57981 16998
86128 85908
40112 40100,40052
75793 75890
15570 57416
15427 57304
52698 52699
29202 28024
64674 64612
57609 16026
76090 76233
17592 58200
58798 49255
15573 57418
28024 29202
16397 48431
73625 73626
38028 17696
90799 46761
46894 28664,46897
47395 75953
58260 17752
61150 36559
46814 46823,49051,17775,46817,46811
78375 79289
82732 78654
4828 82707
58932 8324
33193 35599,33194
44841 17083
16881 35579
35943 35945
27543 36423,36424,36422,36425
36641 36639,36623,41275
74212 74158
17191 58045
68520 68488
58112 17340
59193 78216,15802
64791 64807
59194 59195
85360 84358
61521 61508
73557 73559
58170 17507
58648 32982
57959 16946
57912 16828
35588 35586,17258,35589
58111 17339
17115 33384
57418 15573
32462 64720
2255 58501
64596 64573
73771 74388
16576 57822
82728 83418
16958 57966
84310 85005
74158 74212
64595 64572
66916 16449
60051 55476
73008 73121
15611 57433
49028 27856
90452 72384
85509 84913
63536 63537
37055 27623,37066
61811 61810
46823 46811,46817,46814,17775,49051
17607 8798
76168 18244
57956 16939
58649 32983
50601 75895
75320 75057
85891 85420
84215 83425
36645 36618,36619
46840 46843
57938 16889
58249 17721
17775 46823,46814,46817,46811,49051
46843 46840
16365 18289
36639 36641,36623,41275
58183 17534
16821 84813
73009 73117
60851 60853
58655 33094
35945 35943
57543 15851
17549 356416
61696 61695
17485 58163
9066 62227
76091 72741
79109 78266
6572 58927
84311 72687
85894 85421
73770 74389
85962 85679
58936 73036
43615 70804,16974
37105 44992,18265
79203 78340
27812 58531
59195 59194
35550 46077,35561
58859 51282
16231 57690
52794 58902
85306 20899
87313 87091
77980 74619
60466 16670
37323 17781
4047 61694
60463 60472
59403 59896
41710 41630
36584 36578
58163 17485
64988 79191
57302 15425
79076 78239
17092 47291
16865 59888
76088 76231
16414 57762
46761 90799
18244 76168
62141 62197
17339 58111
16643 57844
64558 16811
58161 17482
305790 30660
35810 35809
18383 58468
74619 77980
43433 85338
85679 85962
33525 33524
50711 58833
44356 39036
65129 71396
79079 78247
74975 75169
49051 46814,46823,46811,46817,17775
75306 62219
57585 15955
85005 84310
37325 37327
50712 58834
33179 33178
16282 57714
16747 57879
73007 73124
60111 47819
57879 16747
57301 15424
3757 46632
15916 57565
70964 71403
74159 40009
76231 76088
60264 60265
57300 15423
28077 71365
36559 61150
28159 74337
28943 73203
50714 58836
17261 58080
74677 74454
16570 57820
60265 60264
57856 16680
50710 58832
57485 15727
28490 87826
58441 18314
73006 73126
15676 74345
16981 57974
79095 78275
57820 16570
87507 87504
33178 33179
49029 27777
60856 60861
85337 84912
64687 17820
39934 47766
44303 78290
77031 76864
16867 57932
37327 37325
37318 18355
46892 27564,46893
75305 85433
46821 46824,46822,46820
73005 73127
64554 27897
60257 28229
27688 61705
82706 79057
77587 77583
17568 43254
46893 27564,46892
61705 27688
17781 37323
84300 85237
57805 16543
915 73089
33524 33525
59888 16865
8798 17607
71365 28077
57514 15785
79283 78390
50713 58835
32815 30851
79077 78241
78239 79076
15426 57303
39045 39041
17376 35492
16375 35236
65216 65231
58269 17784
17394 58128
59871 16733
17619 58209
52426 58891
16232 57691
85897 85430
16488 57791
83318 82723
17380 58125
78948 40673
75091 77991
48231 48349,48350
37179 37178,33131
78216 59193,15802
18355 37318
18050 58359
74359 35619
74971 75168
76864 77031
57613 16038
17403 58132
77030 76856
79110 78268
17561 35235
42173 29146
46755 42334
17123 44400,76565,76608
73204 73202
76608 76565,17123,44400
55476 60051
36618 36645,36619
85347 84331
37935 37933,37934,37931
17519 58175
30912 77631
43253 34795
73757 73786
64780 64773
50694 77906
43332 40193
68506 68525
57486 15728
83418 82728
36077 68431
17724 58251
86139 21752
21860 58499
35802 35806
20392 63137
64612 64674
11807 77620
16852 57924
75093 77985
85333 84322
41450 61936
58498 2164
35558 35557,19203
37178 33131,37179
84322 85333
85332 84321
16209 57679
33856 76042
58340 17981
32963 58647
1162 82686
58906 52897
84813 16821
16857 57926
76246 76245
17213 58058
15757 57501
85330 84320
58499 21860
77195 77076
75890 75793
58199 17588
48350 48349,48231
29776 29777
60849 60844
16398 57757
58252 17728
77620 11807
76545 48306,76872,48305
57762 16414
64381 29017
36712 60520
57304 15427
73117 73009
33094 58655
52897 58906
36429 36428,36426,36427
87771 87772
82686 1162
18323 58445
85237 84300
27897 64554
62219 75306
83664 83665
16349 57743
26376 37078
17752 58260
57966 16958
58195 17575
60843 60848
75204 29474
18332 58448
57504 15765
15603 57427
27847 59898
79289 78375
15802 59193,78216
71396 65129
60848 60843
73610 74394
46855 64721
57901 16795
62464 62465
15891 507393
45049 16192
15334 57283
58717 47910
67248 68464
77894 16268
72741 76091
48305 76872,48306,76545
57610 16029
57305 15428
58175 17519
57428 15604
60842 60846
71403 70964
76245 76246
65213 28936
16303 57721
78290 44303
36422 36425,36423,36424,27543
57427 15603
15699 57476
18053 58360
38599 38595,17241
57826 16586
58448 18332
64675 58284
47039 58711
46826 46825
85215 84299
17784 58269
17696 38028
71180 71179
57825 16585
46872 46873
58585 28718
78655 82734
40193 43332
15887 356010
60844 60849
16586 57826
75169 74975
78656 82737
73555 73553
82705 79070
49268 58802
58032 17146
75880 75933
62227 9066
46864 46863
77689 29063
83047 75036
4077 28446
52700 52701
57679 16209
46863 46864
35592 35593
87772 87771
16998 57981
57595 15971
15745 77634
16228 57689
62197 62141
17340 58112
16192 45049
73121 73008
88044 88046
58128 17394
57804 16542
60846 60842
60904 28330
57594 15970
82840 78814
64849 42626
67172 67158
71243 71313
30851 32815
74387 73788
60120 221278
47910 58717
15356 35237
78253 79069
31047 77077
71239 71277
74388 73771
35567 35565,35566
63727 28397
59945 59947
73553 73555
17146 58032
15805 57520
48517 17712
73916 60213
533015 18258
29777 29776
39060 39062
74389 73770
75057 75320
73762 74390
44992 18265,37105
17822 35243
79070 82705
72687 84311
71963 29514
17534 58183
15336 57285
76565 76608,17123,44400
58132 17403
27477 74338
47276 61893
62207 62208
85409 84490
48376 16199
15914 57563
16977 57972
60845 60840
75879 75894
28446 4077
62208 62207
78241 79077
42626 64849
35599 33194,33193
30660 305790
58359 18050
29779 29778
41721 16345
58959 499903
40009 74159
17575 58195
43254 17568
67158 67172
5587 29279
57261 11684
35566 35565,35567
87504 87507
59437 32985
57588 15958
78657 82736
16523 35247
36436 36433
71313 71243
16555 46800
64778 64774
46820 46822,46824,46821
15830 57532
36623 41275,36639,36641
17049 57997
57742 16344
58209 17619
73134 73004
17799 58275
57743 16349
30307 58631
15602 58799
61163 61166
78342 79207
36427 36428,36426,36429
79191 64988
58647 32963
33542 33539
84374 42164
58455 18347
10057 36442,36441
16811 64558
46632 3757
83445 38629
29778 29779
35809 35810
58773 49032
78340 79203
36761 39785
73083 15998
36531 38426
62226 27760
57475 15695
58772 49031
36433 36436
60841 60847
356445 17201
64779 64777
60039 17203
16296 57719
77634 15745
28229 60257
16283 35491
27809 62637
35593 35592
57522 15808
15998 73083
37078 26376
58375 18095
82724 83413
58200 17592
21363 87824
75933 75880
40052 40112,40100
29427 29428
64263 64288
35557 19203,35558
48431 16397
2756 37510
33835 40753
11641 37319
46873 46872
46611 46613
17588 58199
83764 82905
59399 59895
74390 73762
39181 39180
82707 4828
17734 22450
15955 57585
18347 58455
39180 39181
88157 87840
46613 46611
57565 15916
58031 17144
15958 57588
42334 46755
36673 36653
79207 78342
73124 73007
62497 59356
50667 2208
57726 16313
51802 16069
75895 50601
75168 74971
36678 36679,36676
75894 75879
36619 36618,36645
61962 61973
57563 15914
47764 47768
60854 60860
73127 73005
61964 61967
36676 36678,36679
59789 15414
42164 84374
35247 16523
33704 78608
17203 60039
64439 64435
47356 58713
29474 75204
35603 35601
82725 83415
71277 71239
61149 15793
73779 70744
57476 15699
16820 57908
16344 57742
36428 36427,36426,36429
35579 16881
52021 52020
33384 17115
17144 58031
58042 17175
17728 58252
73126 73006
58645 32826
37319 11641
17917 58321
61967 61964
44400 17123,76608,76565
38966 38965
16313 57726
16038 57613
88046 88044
28718 58585
36115 36116
85802 85308
30249 58629
15885 57555
9096 84850
85908 86128
35806 35802
35601 35603
33539 33542
17913 60106
73888 74391
85801 85307
49031 58772
60867 60866
38426 36531
59896 59403
27777 49029
29063 77689
73626 73625
77985 75093
30913 61185
18415 58479
74120 74393
52701 52700
40673 78948
84358 85360
27592 58515
37012 77662
36116 36115
48349 48350,48231
82737 78656
16268 77894
57580 15949
58570 28479
16670 60466
57988 17027
17712 48517
82908 83755
73203 28943
38120 38118
72803 72743
64777 64779
79185 78314
27856 49028
631 78245
60866 60867
58148 17443
10365 17233
16705 57869
57264 11986
29514 71963
73536 73389
17175 58042
85076 84234
39076 44115
55357 58917
87840 88157
18314 58441
47766 39934
41630 41710
17010 57985
64807 64791
85680 85963
37011 77656
17230 58065
36965 36966
55479 60041
57731 16320
50152 35926
17241 38595,38599
58275 17799
71397 70963
36856 18407
17374 58122
16320 57731
35492 17376
17265 58082
35926 50152
82909 83756
36679 36676,36678
39005 39408
16929 57952
83415 82725
17482 58161
68431 36077
77991 75091
36361 44976
87824 21363
36966 36965
37755 66882
16357 57747
15425 57302
53647 77846
57926 16857
18095 58375
35243 17822
70963 71397
48306 76545,76872,48305
61512 35704
17981 58340
16029 57610
78813 82839
87826 28490
60501 73055
57924 16852
82839 78813
74354 74620
58523 27713
83763 82910
58515 27592
47291 17092
2208 50667
38714 38712
17820 64687
15765 57504
84850 9096
61973 61962
83765 82915
74620 74354
57791 16488
57985 17010
2003 49108
73004 73134
11986 57264
39036 44356
77656 37011
36578 36584
29214 48854
27564 46892,46893
76233 76090
43980 61883
30021 62621
61936 41450
71233 71286
66933 66884
85338 43433
29428 29427
82907 83754
38709 38707
70804 43615,16974
79069 78253
35619 74359
15705 59869
21752 86139
73898 74392
60262 60263
28397 63727
33131 37179,37178
17232 58066
57757 16398
74043 74042
40753 33835
36670 36669
61914 25682
17311 58100
36441 10057,36442
58360 18053
75036 83047
38712 38714
83754 82907
57520 15805
57889 16770
83755 82908
356416 17549
58419 18240
36408 62624
83756 82909
57972 16977
57555 15885
73089 915
40100 40052,40112
17083 44841
57593 15968
16934 77860
15414 59789
60260 17476
36959 36958
70744 73779
79099 78263
29279 5587
76872 48306,48305,76545
60467 60390
79097 78261
84912 85337
58321 17917
72823 36314
57747 16357
16069 51802
63137 20392
44962 77399
36442 36441,10057
82910 83763
57853 16668
35491 16283
49032 58773
77029 76855
57440 15620
72384 90452
44115 39076
76856 77030
77288 72824
58501 2255
58929 7351
16889 57938
76855 77029
17721 58249
84234 85076
49255 58798
37934 37931,37935,37933
59947 59945
58927 6572
59534 59533
16585 57825
68488 68520
74454 74677
37933 37935,37931,37934
85421 85894
59533 59534
55399 77460
47819 43088,60111
61166 61163
74338 27477
16733 59871
58315 17895
39055 39057
62465 62464
22450 17734
50605 50604
57515 15786
57285 15336
16974 43615,70804
46817 17775,46811,46823,49051,46814
58922 55438
46833 46832
82837 78810
58122 17374
83751 82906
32983 58649
47768 47764
32984 58650
58920 55392
77077 31047
74337 28159
16199 48376
43088 47819
32985 59437
77076 77195
28116 58489
61508 61521
58531 27812
36958 36959
78390 79283
61185 30913
78314 79185
60858 60863
38054 38050,38052
28839 58591
46832 46833
75954 47724
52699 52698
17476 60260
58468 18383
64572 64595
60840 60845
82906 83751
72743 72803
16449 66916
61885 44003
60859 60855
85307 85801
57714 16282
52020 52021
37510 2756
15727 57485
57283 15334
57780 16462
61883 43980
25682 61914
41275 36641,36639,36623
28330 60904
60857 60862
57952 16929
64574 67274
78810 82837
84299 85215
55392 58920
356010 15887
75953 47395
78261 79097
58591 28839
29146 42173
15785 57514
77860 16934
68525 68506
16026 57609
57869 16705
73764 73763
77460 55399
58064 17228
78654 82732
38965 38966
18407 36856
77662 37012
88159 87846
36424 27543,36425,36422,36423
82905 83764
85308 85802
74275 74444
16542 57804
16345 41721
84913 85509
62624 36408
64573 64596
71179 71180
82734 78655
57974 16981
34795 43253
47544 214480
62621 30021
85430 85897
17511 60524
17443 58148
17027 57988
58836 50714
64773 64780
57630 16080
82736 78657
64774 64778
17507 58170
24928 29200
57691 16232
28664 46894,46897
78303 79176
57690 16231
28788 16569
39063 46759
77399 44962
84320 85330
27713 58523
16462 57780
78268 79110
84321 85332
77846 53647
57416 15570
58835 50713
65231 65216
51282 58859
38118 38120
15968 57593
17228 58064
39062 39060
61893 47276
58445 18323
29017 64381
58080 17261
15786 57515
58479 18415
68464 67248
405237 609827
28936 65213
68528 68527
27623 37066,37055
58125 17380
78378 79297
60863 60858
36425 27543,36423,36422,36424
77631 30912
35235 17561
74345 15676
62637 27809
60850 60852
39785 36761
17195 58047
58832 50710
58066 17232
84489 85408
60852 60850
50789 58850
57433 15611
60853 60851
58833 50711
60864 60865
58065 17230
58048 17196
39057 39055
78245 631
35236 16375
58834 50712
2719 58506
68527 68528
57997 17049
79280 78387
16080 57630
85408 84489
57719 16296
73202 73204
58506 2719
59898 27847
16795 57901
221278 60120
58082 17265
214480 47544
38629 83445
58047 17195
15695 57475
59895 59399
15808 57522
58902 52794
37931 37935,37933,37934
37066 27623,37055
58891 52426
67274 64574
16939 57956
36833 36839
60861 60856
19203 35557,35558
83665 83664
2422 48978
76042 33856
78627 78626
57501 15757
8324 58932
58713 47356
78626 78627
82915 83765
18051 537519
18240 58419
77979 74351
35237 15356
36423 27543,36422,36424,36425
57716 16288
60524 17511
60862 60857
72824 77288
63537 63536
66884 66933
58100 17311
66882 37755
35565 35566,35567
58850 50789
499903 58959
78275 79095
78263 79099
44003 61885
15604 57428
72950 57602
74391 73888
48854 29214
74392 73898
60865 60864
74393 74120
36426 36429,36428,36427
60520 36712
15949 57580
74394 73610
38052 38054,38050
78247 79079
17201 356445
16668 57853
78170 55493
35589 35588,35586,17258
77583 77587
58802 49268
36653 36673
83425 84215
16770 57889
60855 60859
64721 46855
84490 85409
57602 72950
87846 88159
27760 62226
73036 58936
11684 57261
35561 46077,35550
64720 32462
58711 47039
71286 71233
78387 79280
58058 17213
46759 39063
55438 58922
60390 60467
58629 30249
73559 73557
58489 28116
58284 64675
84331 85347
73788 74387
537519 18051
58251 17724
35704 61512
82723 83318
58045 17191
57721 16303
48978 2422
57908 16820
85413 49432
20899 85306
46077 35561,35550
87091 87313
58257 17736
58631 30307
38595 17241,38599
64427 52332
57932 16867
17233 10365
60860 60854
73786 73757
77906 50694
38707 38709
60041 55479
39066 40957
15620 57440
7351 58929
85433 75305
15424 57301
49108 2003
60472 60463
15423 57300
57532 15830
78266 79109
57843 16633
